1.00 4.50 
0.00 1.00 
0.00 -2.45 
33.00 148.50 
0.00 3.00 
0.00 -7.35 

1.00 1.00 1.00 
2.00 2.00 2.00 
3.00 3.00 3.00 
4.00 4.00 4.00 
8.00 8.00 8.00 
12.00 12.00 12.00 

4.00 5.00 -1.00 0.00 0.00 2.00 
2.00 3.00 1.00 3.00 4.00 5.00 
0.00 1.00 1.00 -2.00 -2.00 0.00 
15.00 17.00 5.00 7.00 7.00 11.00 
9.00 10.00 8.00 10.00 11.00 12.00 
9.00 11.00 11.00 5.00 5.00 9.00 

1.00 1.00 1.00 2.00 
-1.00 0.00 2.00 3.00 
50.00 60.00 70.00 -80.00 
-3.13 -3.33 -3.34 1.73 
-43.04 -51.06 -58.59 70.03 
-25.30 -31.35 -38.23 38.80 

1.00 2.00 3.00 4.00 
5.00 6.00 7.00 8.00 
9.00 10.00 11.00 12.00 
4.00 6.00 8.00 10.00 
-12.00 -15.00 -18.00 -21.00 
-32.00 -36.00 -40.00 -44.00 

1.00 2.00 3.00 4.00 
6.00 0.00 2.00 1.00 
0.00 1.00 3.00 5.00 
17.36 -0.38 7.62 6.50 
12.61 -2.55 -3.46 -10.66 
-10.94 -4.28 -10.53 -12.21 

0.00 0.00 0.00 0.00 4.00 4.00 4.00 4.00 
0.00 0.00 3.00 3.00 3.00 0.00 0.00 3.00 
0.00 2.00 2.00 0.00 0.00 0.00 2.00 2.00 
0.00 0.00 0.00 0.00 8.00 8.00 8.00 8.00 
0.00 0.00 6.00 6.00 6.00 0.00 0.00 6.00 
0.00 4.00 4.00 0.00 0.00 0.00 4.00 4.00 

0.00 0.00 0.00 0.00 4.00 4.00 4.00 4.00 
0.00 0.00 3.00 3.00 3.00 0.00 0.00 3.00 
0.00 2.00 2.00 0.00 0.00 0.00 2.00 2.00 
1.00 1.00 1.00 1.00 5.00 5.00 5.00 5.00 
1.00 1.00 4.00 4.00 4.00 1.00 1.00 4.00 
1.00 3.00 3.00 1.00 1.00 1.00 3.00 3.00 

0.00 0.00 0.00 0.00 4.00 4.00 4.00 4.00 
0.00 0.00 3.00 3.00 3.00 0.00 0.00 3.00 
0.00 2.00 2.00 0.00 0.00 0.00 2.00 2.00 
0.00 -0.17 -2.29 -2.11 0.70 2.82 2.64 0.53 
0.00 -1.41 0.22 1.63 3.45 1.83 0.42 2.05 
0.00 1.41 2.78 1.37 3.55 2.18 3.58 4.95 

3.00 -1.00 -1.00 3.00 3.00 3.00 -1.00 -1.00 6.00 
1.00 1.00 1.00 1.00 5.00 5.00 5.00 5.00 6.00 
-2.00 -2.00 4.00 4.00 4.00 -2.00 -2.00 4.00 6.00 
-17.89 -9.24 -2.04 -10.68 -10.68 -17.89 -9.24 -2.04 -14.77 
6.50 6.50 6.50 6.50 12.50 12.50 12.50 12.50 14.00 
0.12 8.32 -1.50 -9.70 -9.70 0.12 8.32 -1.50 -19.13 

